%YAML:1.0
---
transformation: !!opencv-matrix
   rows: 3
   cols: 4
   dt: d
   data: [ 7.8879093376894049e-01, -5.0420051364427476e-01,
       -2.2263671898480789e-02, 5.9894958358374462e-01,
       -5.0461196862354585e-01, -7.8716360929363494e-01,
       -5.1431309212561192e-02, 1.6610319559668357e-01,
       8.9772026502463291e-03, 5.5319621169145003e-02,
       -9.3475350525574907e-01, 9.4464744981591098e-01 ]
average_deviation: 3.4785236968324176e-03
