%YAML:1.0
---
vision_position_matrix: !!opencv-matrix
   rows: 16
   cols: 1
   dt: "3d"
   data: [ -4.4262152363108022e-02, 1.7911693432921283e-01,
       9.1200003385543826e-01, -3.6896921413394651e-02,
       2.2345438923392938e-01, 9.1400006771087650e-01,
       -3.4484781819736868e-02, 2.6798414787626845e-01,
       9.1600004196166995e-01, -3.2894529340938283e-02,
       3.0687681169963948e-01, 9.1800001621246341e-01,
       -3.1228983551523686e-02, 3.4851545643500437e-01,
       9.1800001621246341e-01, -3.2225953329979087e-02,
       3.1099986285919579e-01, 8.5600003957748416e-01,
       -3.4213542112198833e-02, 2.7766990493163474e-01,
       7.9400006294250491e-01, -3.4433526812780141e-02,
       2.3906705758587357e-01, 7.2300002336502078e-01,
       -3.5408271899679378e-02, 2.0263053078724083e-01,
       6.5600005149841312e-01, -9.7445771014071675e-02,
       1.5846044830555728e-01, 6.5300003051757816e-01,
       -1.6237030410112527e-01, 1.1322037421105491e-01,
       6.4500001430511478e-01, -2.2149219220098157e-01,
       6.9960181284975817e-02, 6.4000001907348636e-01,
       -2.8370296115197707e-01, 2.5058028040834526e-02,
       6.3500002384185794e-01, -2.8543790274976111e-01,
       2.1907914671561196e-02, 7.0000002145767215e-01,
       -2.8001988788164101e-01, 1.9084378975824358e-02,
       7.6500001907348636e-01, -2.8197708426987983e-01,
       1.6188270525507118e-02, 8.3000001668930057e-01 ]
robot_position_matrix: !!opencv-matrix
   rows: 16
   cols: 1
   dt: "3d"
   data: [ 4.5000924257633412e-01, 4.2953012139869866e-05,
       9.9989971351029744e-02, 4.3000879891288196e-01,
       -3.1200618561963579e-02, 9.9979009011249162e-02,
       4.0999987422481504e-01, -6.2475636620401349e-02,
       9.9951822678789617e-02, 3.9001948597815839e-01,
       -9.3747892659843041e-02, 1.0001495926810725e-01,
       3.7002559647250866e-01, -1.2497688575161665e-01,
       1.0002468579841368e-01, 3.9000392431311037e-01,
       -9.3744152009145834e-02, 1.6249017244962194e-01,
       4.1002092604869483e-01, -6.2478844300284053e-02,
       2.2501603576051310e-01, 4.3001680857612318e-01,
       -3.1201199660488010e-02, 2.8748782492907349e-01,
       4.5000857293844637e-01, 4.2952778828671651e-05,
       3.4998402946448248e-01, 4.2499588681096623e-01,
       6.2550700518026664e-02, 3.4998720559907637e-01,
       3.9999275311979515e-01, 1.2503274968259320e-01,
       3.5001707196936316e-01, 3.7498592710886386e-01,
       1.8752961674325030e-01, 3.4998516052953982e-01,
       3.4998756878479881e-01, 2.5002551778666399e-01,
       3.4999314099073525e-01, 3.4999022535454377e-01,
       2.5002741584964167e-01, 2.8746593203126714e-01,
       3.4999263561192190e-01, 2.5002913780218228e-01,
       2.2501203603869419e-01, 3.4998809924663876e-01,
       2.5002589703798234e-01, 1.6246736532150094e-01 ]
deviation_x: [ 3.4114366979536292e-03, 6.8220121254727872e-03,
    6.2371567055540811e-03, 7.8176938426277598e-03,
    8.1311247037223477e-03, 7.6621248287405130e-03,
    4.2626601260133401e-03, 5.1375527069951188e-03,
    4.2398991755195348e-03, 2.6553382056491159e-03,
    -5.6523284953935438e-04, -2.7008641206610617e-04,
    -1.5920116365796266e-03, -2.8220242507704940e-03,
    1.4257360266128338e-03, -1.0046562685323002e-04 ]
deviation_y: [ 4.9576616872749988e-04, -6.9809413354160674e-03,
    -1.2078184613916514e-02, -1.2326139932768293e-02,
    -1.4714027056609111e-02, -1.2724027903103605e-02,
    -1.3561504574406219e-02, -1.0689760666060644e-02,
    -9.3146408529305637e-03, -5.5941474797445018e-03,
    7.0829112518028259e-04, 2.3550423105832552e-03,
    6.8539371706493601e-03, 6.8641310360230134e-03,
    3.0079635078795741e-03, 2.9355051989944370e-03 ]
deviation_z: [ 1.6735806657195151e-03, 2.3338547282334005e-03,
    2.9765817641432130e-03, 3.2097656812100916e-03,
    5.5184251457354588e-03, -1.0766644444381024e-03,
    -7.5094759034274317e-03, -5.7511989420924725e-03,
    -7.6433502665506081e-03, -7.8426417048291786e-03,
    -3.4799693294800260e-03, -1.6981814755424041e-03,
    -7.4847654756682314e-05, 1.5035476911761103e-03,
    3.0909097631388049e-03, 4.6988230963944944e-03 ]
deviation_distance: [ 3.8320434082705379e-03, 1.0035948847075487e-02,
    1.3915628133006348e-02, 1.4944987734605846e-02,
    1.7693806748667575e-02, 1.4891885350622270e-02,
    1.6077216986024108e-02, 1.3181112251488330e-02,
    1.2773413112196501e-02, 9.9926140684926668e-03,
    3.5960187744683968e-03, 2.9159889023272082e-03,
    7.0368002644409676e-03, 7.5723689431559096e-03,
    4.5424983044778048e-03, 5.5413195726931978e-03 ]
average_deviation: 9.9089782126258238e-03
