%YAML:1.0
---
vision_position_matrix: !!opencv-matrix
   rows: 28
   cols: 1
   dt: "3d"
   data: [ -3.4047212994301573e-01, -6.4867839169794703e-02,
       7.4100003004074100e-01, -2.6998080533865687e-01,
       -3.0938693012270691e-02, 7.1800002813339237e-01,
       -1.9759080453234912e-01, 5.3744698832798960e-03,
       6.9700006008148196e-01, -1.2904397372976609e-01,
       4.2809337347106180e-02, 6.7900005340576175e-01,
       -5.4451376114632993e-02, 8.0040547403476922e-02,
       6.5600005149841312e-01, -6.8254724276430798e-02,
       7.2826811070067318e-02, 7.2000006198883060e-01,
       -8.0928655571449376e-02, 6.7381127326008525e-02,
       7.8600004673004153e-01, -9.1927968292899565e-02,
       5.8849285141479649e-02, 8.4800002336502078e-01,
       -1.0288963889775725e-01, 5.4130693556651406e-02,
       9.1100004673004153e-01, -1.4737767842740637e-01,
       4.7869476113249640e-02, 8.3100006341934207e-01,
       -1.9440621768739644e-01, 4.1052621885122112e-02,
       7.4800005912780765e-01, -2.3471950034862102e-01,
       3.5948031584923941e-02, 6.6600004196166995e-01,
       -2.8008658148457366e-01, 2.9830144870647335e-02,
       5.8200005054473880e-01, -2.0726384606856282e-01,
       6.3000904752118211e-02, 6.7100003719329837e-01,
       -1.4105840080307380e-01, 9.3925085280497075e-02,
       7.5300005435943607e-01, -6.6517509611626863e-02,
       1.2505291806985849e-01, 8.3800003290176395e-01,
       2.0864681135489942e-03, 1.5147758504365696e-01,
       9.2000005006790164e-01, -6.7787536185404063e-02,
       1.2201756513372733e-01, 8.5400006532669070e-01,
       -1.4312672012676803e-01, 8.9143441071510607e-02,
       7.8300002574920657e-01, -2.1147805229179947e-01,
       5.7970247106021597e-02, 7.1400002002716068e-01,
       -2.8099916074224851e-01, 2.7836204661640884e-02,
       6.4600000143051151e-01, -2.2342943349549194e-01,
       4.1506653653312735e-02, 6.4900002241134647e-01,
       -1.6649834316086787e-01, 5.3527886522410445e-02,
       6.5200004339218143e-01, -1.1302034596895272e-01,
       6.5557733488552622e-02, 6.5400001764297488e-01,
       -5.4794734460800180e-02, 8.0266881291226208e-02,
       6.5300003051757816e-01, -6.7601569020197011e-02,
       7.2826811070067318e-02, 7.2000006198883060e-01,
       -7.9300299862244752e-02, 6.4364817376978925e-02,
       7.8400001287460330e-01, -9.2587928621454055e-02,
       5.9548252847823155e-02, 8.4700003623962405e-01 ]
robot_position_matrix: !!opencv-matrix
   rows: 28
   cols: 1
   dt: "3d"
   data: [ 3.5002184115329588e-01, 3.5000275185001806e-01,
       2.3982333721037535e-01, 3.8749891289203253e-01,
       2.8751984197024211e-01, 2.6487255128453724e-01,
       4.2501950003762012e-01, 2.2502140239804549e-01,
       2.8988333880780431e-01, 4.6251808732238170e-01,
       1.6253815050629294e-01, 3.1490141681763795e-01,
       5.0001377095480815e-01, 1.0001896679773611e-01,
       3.3995110578068027e-01, 4.9250824075080613e-01,
       1.0753893864145830e-01, 2.7746427875325680e-01,
       4.8499720760514964e-01, 1.1503958231415193e-01,
       2.1495106678572637e-01, 4.7749427089250535e-01,
       1.2252335431076561e-01, 1.5243667200230634e-01,
       4.6999645674701196e-01, 1.3005173838388018e-01,
       9.0006901643361739e-02, 4.3996689883558632e-01,
       1.6003295589458974e-01, 1.6721846467930801e-01,
       4.0999116685539883e-01, 1.9003304421764905e-01,
       2.4498808038911249e-01, 3.7999893806775092e-01,
       2.2002162131209713e-01, 3.2247272410573097e-01,
       3.4999155232031365e-01, 2.5002836329912681e-01,
       3.9991641152608864e-01, 3.8749256475187971e-01,
       1.8752333588112149e-01, 3.2249533216354631e-01,
       4.2499998273496187e-01, 1.2504651682061357e-01,
       2.4499929526268374e-01, 4.6249674506553540e-01,
       6.2512749352379549e-02, 1.6744857203878957e-01,
       4.9999192823955646e-01, 4.7723630250523574e-05,
       8.9944437367394117e-02, 4.6249845552883401e-01,
       6.2512980530830223e-02, 1.5242234102225991e-01,
       4.2499025335892948e-01, 1.2504365419058455e-01,
       2.1499943310854158e-01, 3.8750877818946633e-01,
       1.8753118236036279e-01, 2.7744226200244482e-01,
       3.4998993045660531e-01, 2.5002720497437192e-01,
       3.3995492624968748e-01, 3.8748423105975904e-01,
       2.1251239708362998e-01, 3.3989858139391577e-01,
       4.2498787559961232e-01, 1.7504534686979151e-01,
       3.3995650958763091e-01, 4.6248431312335991e-01,
       1.3755675823311073e-01, 3.3996517221724182e-01,
       5.0001377095480815e-01, 1.0001896679773611e-01,
       3.3995110578068027e-01, 4.9250824075080613e-01,
       1.0753893864145830e-01, 2.7746427875325680e-01,
       4.8499720760514964e-01, 1.1503958231415193e-01,
       2.1495106678572637e-01, 4.7749427089250535e-01,
       1.2252335431076561e-01, 1.5243667200230634e-01 ]
deviation_x: [ -3.4245705867894660e-03, -1.8937529922500307e-03,
    -1.5534279169426846e-04, -2.0587445614526634e-03,
    1.0236057933221687e-03, -1.4652555881655704e-04,
    -1.3562599785655327e-03, 3.9193065596615506e-04,
    2.1978286033885741e-04, 9.5580960938035364e-05,
    -1.7394261891720553e-03, 8.5340925399740586e-04,
    3.0442581972822680e-05, 1.2651629468892200e-03,
    -1.4376092289329345e-03, 2.2757266926905495e-03,
    3.7457870298497897e-03, 2.4464378195662162e-03,
    -1.3163534373201724e-03, -4.9605549294212681e-04,
    -1.1072980296010226e-03, -1.5055860711710167e-04,
    1.1246214885192729e-03, -2.9883848404077540e-04,
    7.0544166317920709e-04, 3.6867738564416719e-04,
    1.4935253649603908e-03, -4.5879655914138340e-04 ]
deviation_y: [ 8.5775623509454224e-04, 2.2450310957620734e-03,
    7.1026533303006345e-04, 6.2364513498835983e-05,
    -3.1829027816165784e-03, -1.3507535362582701e-03,
    -1.5638013401775563e-03, 3.0027227498008457e-05,
    -1.4928367616854621e-03, 1.8249334836073494e-05,
    3.3841032528533210e-03, 1.9736070467394617e-03,
    3.9956445021032128e-03, -9.3475286326333284e-04,
    -4.2575166924585517e-04, -4.3805674355154034e-03,
    -1.5518344364777504e-03, -2.1735112467405338e-03,
    2.8418081554431596e-03, 2.9323447725472518e-03,
    2.7352571506407131e-03, 2.8451666661780117e-04,
    -5.9351474929103532e-04, 3.3711739510472460e-04,
    -3.0335068438905322e-03, -1.6803434959232200e-03,
    9.1704665662384333e-05, -1.3572018734685221e-04 ]
deviation_z: [ 5.5267855341441519e-03, 4.4866662818496827e-03,
    1.7643626272895729e-03, -3.7419045700246567e-03,
    -4.5630118282973808e-03, -2.4233955580749700e-03,
    -2.0189302855564140e-03, 1.9700476757052165e-03,
    5.1508895256729276e-03, 1.9738449864079577e-03,
    9.8948370361015558e-04, -4.8964104550658361e-04,
    -1.5975070383217327e-04, -3.4429825048353235e-03,
    -2.9169543055732050e-04, 1.9614850791185856e-04,
    3.1281540793918067e-03, 8.6977270570304244e-05,
    1.3825018415037360e-03, 1.0995771178866631e-03,
    -1.4094028002953340e-04, -1.6158163844892104e-03,
    -3.3019327225426442e-03, -4.0345088984930499e-03,
    -1.7492933931482768e-03, -2.4175320509777776e-03,
    -3.0163467307628422e-04, 2.9375311774942070e-03 ]
deviation_distance: [ 6.5581085537807443e-03, 5.3625217334087750e-03,
    1.9082934016580995e-03, 4.2713192707904985e-03,
    5.6568291367626675e-03, 2.7782820026048868e-03,
    2.8915385625885403e-03, 2.0088800656158658e-03,
    5.3673577306180501e-03, 1.9762420875701512e-03,
    3.9315183190798079e-03, 2.2052619987640580e-03,
    3.9989526160433154e-03, 3.7853043109058659e-03,
    1.5274393615416616e-03, 4.9403215759784621e-03,
    5.1209821846638689e-03, 3.2736484524620770e-03,
    3.4234443629258980e-03, 3.1707706879153513e-03,
    2.9542519813015719e-03, 1.6475679701135643e-03,
    3.5383319451774424e-03, 4.0595830610600375e-03,
    3.5720916963863001e-03, 2.9671431540257212e-03,
    1.5264374332039146e-03, 2.9762398543605214e-03 ]
average_deviation: 3.4785236968324176e-03
