%YAML:1.0
---
transformation: !!opencv-matrix
   rows: 3
   cols: 4
   dt: d
   data: [ -2.8197812930131699e-01, -1.7625049363603174e-01,
       -2.7391294406989408e-01, 6.9894900811688587e-01,
       -3.2571613099869268e-01, 1.5120083152242564e-01,
       2.3801578391867537e-01, -1.8997999277399391e-01,
       -1.2407430129645328e-03, 3.6287501275264755e-01,
       -2.3221625377391991e-01, 3.8185259160911161e-01 ]
average_deviation: 1.5855258358175917e-01
