%YAML:1.0
---
transformation: !!opencv-matrix
   rows: 3
   cols: 4
   dt: d
   data: [ 1.1028805714866181e-01, -1.8217558893362726e-01,
       -2.6087770443931863e-01, 6.5959343807002613e-01,
       -3.0191461113825563e-01, 2.7260407527622769e-02,
       -1.4667315769810288e-01, 1.6187776551991195e-01,
       1.0046237832182847e-01, 2.8191754540039349e-01,
       -1.5439684441013607e-01, 4.3659769941213428e-01 ]
average_deviation: 1.3286317167363371e-01
