%YAML:1.0
---
transformation: !!opencv-matrix
   rows: 3
   cols: 4
   dt: d
   data: [ 7.5904514149046820e-01, -5.1227061150448150e-01,
       -4.1443964239498532e-02, 5.7250138669110384e-01,
       -5.1387479384189849e-01, -7.5525485267636627e-01,
       -7.6230651093190119e-02, 1.8421311220487699e-01,
       8.4544566357916285e-03, 8.6355292258031582e-02,
       -9.1255662512819891e-01, 9.1938964302801152e-01 ]
average_deviation: 1.1395071487827030e-02
