%YAML:1.0
---
transformation: !!opencv-matrix
   rows: 3
   cols: 4
   dt: d
   data: [ -2.1106824210684128e-01, 2.4115826807333132e-01,
       -2.5419713907711838e-01, 6.5652941750590021e-01,
       -2.9703950268211998e-01, -2.8055265638104143e-01,
       -1.9520231686453605e-02, 1.0300663584670329e-01,
       -1.8585217141986657e-01, 1.7451703452272282e-01,
       3.1988446920897562e-01, -2.7517271516691588e-03 ]
average_deviation: 9.0137045075073571e-02
